irb(main):020:0> x = 1..100
=> 1..100
irb(main):021:0> x
=> 1..100
irb(main):022:0> x.class
=> Range
irb(main):023:0> x.to_a
=>  
[1, 
 2, 
 3, 
 4, 
 5, 
 6, 
 7, 
 8, 
 9, 
 10,
 11,
 12,
 13,
 14,
 15,
 16,
 17,
 18,
 19,
 20,
 21,
 22,
 23,
 24,
 25,
 26,
 27,
 28,
 29,
 30,
 31,
 32,
 33,
 34,
 35,
 36,
 37,
 38,
 39,
 40,
 41,
 42,
 43,
 44,
 45,
 46,
 47,
 48,
 49,
 50,
 51,
 52,
 53,
 54,
 55,
 56,
 57,
 58,
 59,
 60,
 61,
 62,
 63,
 64,
 65,
 66,
 67,
 68,
 69,
 70,
 71,
 72,
 73,
 74,
 75,
 76,
 77,
 78,
 79,
 80,
 81,
 82,
 83,
 84,
 85,
 86,
 87,
 88,
 89,
 90,
 91,
 92,
 93,
 94,
 95,
 96,
 97,
 98,
 99,
 100]

irb(main):028:0> x.to_a.shuffle
=>  
[80,
 46,
 69,
 59,
 61,
 58,
 30,
 20,
 23,
 62,
 51,
 1, 
 99,
 18,
 34,
 52,
 100,
 60,
 81,
 84,
 83,
 57,
 33,
 49,
 98,
 64,
 87,
 43,
 39,
 32,
 71,
 53,
 90,
 75,
 29,
 86,
 94,
 54,
 91,
 41,
 67,
 35,
 85,
 55,
 9,
 50,
 4,
 65,
 25,
 2,
 96,
 7,
 24,
 11,
 97,
 31,
 42,
 36,
 28,
 63,
 47,
 14,
 6,
 45,
 44,
 37,
 5,
 15,
 78,
 8,
 66,
 21,
 93,
 56,
 68,
 95,
 72,
 27,
 17,
 74,
 12,
 3,
 82,
 77,
 89,
 40,
 10,
 76,
 48,
 70,
 22,
 79,
 38,
 13,
 26,
 16,
 73,
 88,
 19,
 92]


irb(main):029:0> x
=> 1..100
irb(main):030:0> x.to_a.shuffle
=>  
[69,
 92,
 86,
 58,
 68,
 51,
 3, 
 12,
 63,
 79,
 16,
 62,
 55,
 78,
 40,
 90,
 33,
 52,
 45,
 10,
 71,
 22,
 87,
 34,
 41,
 57,
 26,
 95,
 18,
 8,
 48,
 20,
 24,
 83,
 88,
 5,
 37,
 59,
 76,
 65,
 32,
 56,
 38,
 94,
 1,
 89,
 91,
 31,
 2,
 14,
 15,
 82,
 64,
 98,
 53,
 75,
 7,
 35,
 73,
 46,
 21,
 11,
 66,
 74,
 23,
 67,
 93,
 6,
 47,
 29,
 60,
 42,
 80,
 70,
 28,
 96,
 99,
 39,
 4,
 50,
 72,
 100,
 77,
 81,
 30,
 13,
 43,
 27,
 85,
 9,
 97,
 25,
 54,
 19,
 84,
 36,
 49,
 61,
 17,
 44]

 irb(main):031:0> x
=> 1..100
irb(main):032:0> z = x.to_a.shuffle!
=>
[31,
...
irb(main):033:0> z
=>  
[31,
 24,
 38,
 42,
 18,
 90,
 75,
 83,
 73,
 66,
 45,
 11,
 79,
 82,
 92,
 74,
 70,
 89,
 17,
 13,
 100,
 30,
 94,
 22,
 15,
 84,
 43,
 55,
 96,
 47,
 49,
 32,
 50,
 10,
 71,
 98,
 28,
 21,
 37,
 12,
 69,
 77,
 36,
 19,
 72,
 78,
 63,
 76,
 62,
 59,
 87,
 7,
 56,
 60,
 52,
 8,
 39,
 68,
 57,
 91,
 26,
 2,
 67,
 33,
 27,
 44,
 23,
 16,
 14,
 86,
 34,
 97,
 1,
 40,
 29,
 88,
 80,
 5,
 65,
 85,
 53,
 61,
 20,
 54,
 46,
 48,
 93,
 99,
 51,
 81,
 4,
 9,
 25,
 58,
 35,
 3,
 64,
 6,
 41,
 95]

 